# Created by Octave 3.8.1, Wed Jan 14 17:13:01 2015 CET <alpy@Alpy-HP>
# name: X
# type: matrix
# rows: 10
# columns: 1
 0.6256274336803698
 0.7729186375075304
 0.7128495172705497
 0.740222152294001
 0.8724862472798077
 0.009623040080439838
 0.96655241699704
 0.1120947954480136
 0.2736176925860785
 0.1095127157548621


# name: Y
# type: matrix
# rows: 10
# columns: 1
 0.6880276909946295
 0.5936913126330766
 0.3707940216485846
 0.4945671876286051
 0.5035617694718787
 0.3535594964636088
 0.6781144427888776
 0.745464246901015
 0.1551951762556181
 0.5050457609316139


